0.999638438 -0.004380697 -0.026528940 -0.000935219 0.005234072 0.999468267 0.032184150 -0.022092901 0.026373845 -0.032311361 0.999129832 0.000814219
0.999533474 -0.008797945 -0.029248219 -0.000651479 0.009829360 0.999328077 0.035309512 -0.024125064 0.028917914 -0.035580531 0.998948336 0.000617668
0.999523640 -0.005995303 -0.030273831 -0.000351530 0.007086338 0.999324441 0.036061138 -0.025980603 0.030037183 -0.036258493 0.998890936 0.000781059
0.999460757 -0.002012163 -0.032774247 -0.000023234 0.003341072 0.999172211 0.040543213 -0.027215986 0.032665536 -0.040630851 0.998640120 0.001050729
0.999413848 -0.002016942 -0.034173653 -0.000461988 0.003640842 0.998863459 0.047523685 -0.029212357 0.034038961 -0.047620252 0.998285353 0.000888528
0.999378145 0.001746385 -0.035221726 -0.000649456 0.000041605 0.998713970 0.050699346 -0.031591743 0.035264969 -0.050669271 0.998092651 0.001354290
0.999328434 0.001960129 -0.036589775 -0.000662301 0.000033419 0.998519003 0.054403793 -0.034197852 0.036642224 -0.054368481 0.997848392 0.001141487
0.999233782 0.005601362 -0.038735189 -0.000464421 -0.003204374 0.998091519 0.061668802 -0.036256827 0.039006691 -0.061497431 0.997344732 0.001202786
0.999153674 0.008508448 -0.040243145 0.000517644 -0.005856185 0.997830749 0.065570496 -0.037291307 0.040713750 -0.065279335 0.997036099 0.001417986
0.999107778 0.010770440 -0.040836781 -0.000271285 -0.007873550 0.997484446 0.070446834 -0.040247682 0.041492797 -0.070062451 0.996679306 0.001465834
0.999031425 0.011967668 -0.042344045 0.000013705 -0.008769463 0.997150660 0.074924335 -0.042008247 0.043120060 -0.074480429 0.996289790 0.002021230
0.998918831 0.015155148 -0.043948904 -0.000030083 -0.011595167 0.996714950 0.080155164 -0.043483146 0.045019295 -0.079558909 0.995813072 0.001953629
0.998792231 0.017491151 -0.045914702 0.000493144 -0.013566834 0.996336937 0.084431157 -0.045854304 0.047223311 -0.083706267 0.995370924 0.002551239
0.998742104 0.017627466 -0.046941862 -0.000745064 -0.013237184 0.995648205 0.092246510 -0.047856756 0.048363656 -0.091509089 0.994629085 0.002241926
0.998632491 0.021260643 -0.047761343 -0.000086337 -0.016639026 0.995323002 0.095159277 -0.049459446 0.049561109 -0.094234444 0.994315624 0.002522160
0.998556733 0.021742290 -0.049108885 0.000725516 -0.016672300 0.994707406 0.101386510 -0.051309418 0.051053345 -0.100421429 0.993634284 0.003570914
0.998407006 0.025301121 -0.050431732 0.000316329 -0.019967340 0.994419277 0.103593335 -0.053942665 0.052771315 -0.102421321 0.993340373 0.003017250
0.998362720 0.025539301 -0.051181842 0.000349182 -0.019765221 0.993701339 0.110304318 -0.056106787 0.053676557 -0.109112099 0.992579162 0.003356733
0.998371482 0.025372034 -0.051094022 -0.000138647 -0.019359348 0.993186951 0.114912674 -0.057428814 0.053661484 -0.113736391 0.992060721 0.003298989
0.998254120 0.025439475 -0.053305920 0.000414117 -0.018964332 0.992756724 0.118635759 -0.059290636 0.055937842 -0.117417723 0.991505921 0.003968781
0.998245358 0.025414359 -0.053482197 -0.000144214 -0.018809453 0.992527425 0.120563470 -0.060823597 0.056146592 -0.119345948 0.991263866 0.004158385
0.998270631 0.023013441 -0.054094087 -0.000610461 -0.016260482 0.992382586 0.122116417 -0.063268282 0.056492351 -0.121025629 0.991040587 0.004291616
0.998177409 0.027152689 -0.053894024 -0.000284136 -0.020480715 0.992477655 0.120700747 -0.064558543 0.056765966 -0.119377002 0.991224885 0.005425833
0.998144865 0.027074212 -0.054533213 -0.000924239 -0.019651309 0.991011798 0.132323235 -0.076897316 0.057625603 -0.131006107 0.989705384 0.005588902
0.998121262 0.025938891 -0.055507734 -0.000351917 -0.018144339 0.990462840 0.136580154 -0.077656403 0.058521088 -0.135316417 0.989072680 0.006452780
0.998012304 0.027491255 -0.056706946 -0.000332108 -0.019619325 0.990654767 0.134974912 -0.080037497 0.059887636 -0.133594066 0.989224970 0.006919248
0.998148263 0.025509685 -0.055220485 -0.000770179 -0.017777031 0.990515411 0.136246964 -0.081316315 0.058172356 -0.135013014 0.989134729 0.007605140
0.998170972 0.021915393 -0.056341562 -0.002415835 -0.013875511 0.990150452 0.139318183 -0.083687931 0.058839835 -0.138281599 0.988643527 0.007425417
0.998115957 0.020691847 -0.057761084 -0.002146157 -0.012426027 0.990079880 0.139955223 -0.087009996 0.060084019 -0.138973802 0.988471627 0.008206868
0.998135567 0.018538062 -0.058152717 -0.002809142 -0.010045786 0.989662886 0.143060833 -0.087646529 0.060203657 -0.142209917 0.988003969 0.008358426
0.998207629 0.016711671 -0.057465669 -0.002830904 -0.008673061 0.990479410 0.137387276 -0.089025766 0.059214536 -0.136642620 0.988849044 0.009441093
0.998185098 0.016995402 -0.057772972 -0.003475445 -0.009124821 0.990958273 0.133859724 -0.091811672 0.059525605 -0.133089617 0.989314854 0.009626978
0.998176932 0.013468983 -0.058833234 -0.003354625 -0.005424289 0.990856349 0.134811997 -0.094559059 0.060111064 -0.134247109 0.989123046 0.010891072
0.998128295 0.011873770 -0.059990618 -0.003037698 -0.003741596 0.990989029 0.133890644 -0.096815951 0.061039835 -0.133415580 0.989178658 0.011740299
0.998243749 0.009942590 -0.058399647 -0.004626059 -0.002299098 0.991574526 0.129517198 -0.098409578 0.059195336 -0.129155472 0.989855945 0.011067248
0.998163819 0.008714335 -0.059941918 -0.003978379 -0.001015713 0.991865873 0.127283290 -0.100591257 0.060563531 -0.126988694 0.990053475 0.011770992
0.998117387 0.006826709 -0.060951803 -0.004463764 0.000958030 0.991929591 0.126786083 -0.102003805 0.061325431 -0.126605794 0.990055621 0.013095160
0.998143435 0.004351673 -0.060751610 -0.006119267 0.003074896 0.992572129 0.121618770 -0.104064189 0.060829598 -0.121579781 0.990715981 0.013698101
0.998014271 0.004901232 -0.062797084 -0.004202742 0.002582687 0.992945433 0.118543968 -0.105906107 0.062935084 -0.118470758 0.990961075 0.015108741
0.998019278 0.000673167 -0.062905520 -0.004635100 0.006483251 0.993517876 0.113491029 -0.107566476 0.062574163 -0.113674060 0.991545618 0.015375541
0.998067915 -0.001954846 -0.062100749 -0.004713401 0.007907515 0.995373547 0.095754676 -0.094479047 0.061626256 -0.096060738 0.993466020 0.015742045
0.998027205 -0.003288390 -0.062696584 -0.005755323 0.009732625 0.994658709 0.102758385 -0.110041976 0.062023792 -0.103165872 0.992728472 0.016727597
0.997915745 -0.006893529 -0.064161338 -0.005537724 0.013028087 0.995325863 0.095690422 -0.110692821 0.063201793 -0.096326873 0.993341148 0.016656637
0.997980952 -0.009326195 -0.062825345 -0.005824515 0.014842653 0.996016920 0.087920517 -0.111324079 0.061755143 -0.088675492 0.994144320 0.017954834
0.997875333 -0.011156322 -0.064190373 -0.006859228 0.016531611 0.996343076 0.083828188 -0.111389145 0.063020423 -0.084711254 0.994410574 0.018833037
0.997898817 -0.013033601 -0.063467592 -0.006586278 0.017777335 0.997042954 0.074761331 -0.111422747 0.062305506 -0.075732522 0.995179713 0.019784475
0.997809172 -0.013113841 -0.064845242 -0.007022953 0.017461203 0.997604430 0.066936642 -0.112062484 0.063812099 -0.067922272 0.995647848 0.020543071
0.997825503 -0.015407714 -0.064084709 -0.007538572 0.019198060 0.998075902 0.058957074 -0.111622706 0.063053012 -0.060059171 0.996201396 0.022557536
0.997755468 -0.015900157 -0.065047614 -0.007935027 0.019293873 0.998466849 0.051881801 -0.112286523 0.064122953 -0.053020369 0.996532559 0.023001458
0.997788072 -0.018107941 -0.063961349 -0.008775641 0.021025497 0.998754859 0.045239739 -0.112565592 0.063062511 -0.046484493 0.996926427 0.023722971
0.997706592 -0.021125367 -0.064305797 -0.008145018 0.023674557 0.998953164 0.039141264 -0.111835577 0.063411608 -0.040573910 0.997162342 0.024287557
0.997621119 -0.023394886 -0.064844303 -0.009286724 0.025456013 0.999190688 0.031143883 -0.112254493 0.064063214 -0.032720473 0.997409284 0.025542725
0.997581422 -0.025217054 -0.064772256 -0.008262042 0.026947604 0.999299109 0.025984135 -0.117744796 0.064071611 -0.027666746 0.997561693 0.026097920
0.997504354 -0.027078461 -0.065205790 -0.008666489 0.029159324 0.999088526 0.031174742 -0.131630749 0.064302191 -0.032998297 0.997384727 0.025793983
0.997395873 -0.030219607 -0.065485142 -0.008981610 0.031650566 0.999279916 0.020925296 -0.132606283 0.064805634 -0.022943446 0.997634113 0.026823014
0.997373879 -0.029216832 -0.066270411 -0.008386528 0.030364068 0.999404848 0.016370563 -0.134751499 0.065752678 -0.018339811 0.997667372 0.027461825
0.997177660 -0.030812318 -0.068464257 -0.005588687 0.031686753 0.999429107 0.011722817 -0.137380406 0.068063967 -0.013859141 0.997584701 0.028292771
0.997273743 -0.032902826 -0.066048764 -0.009059649 0.033119395 0.999449015 0.002186408 -0.137730941 0.065940432 -0.004367943 0.997814000 0.028909653
0.997293472 -0.030803084 -0.066760316 -0.007109532 0.030730577 0.999525487 -0.002112981 -0.138671950 0.066793725 0.000055679 0.997766793 0.029645450
0.997184873 -0.032718904 -0.067466624 -0.007142960 0.032072533 0.999428868 -0.010641889 -0.140818015 0.067776285 0.008448105 0.997664750 0.031799160
0.997182369 -0.033800725 -0.066968530 -0.008677260 0.032591123 0.999286771 -0.019073460 -0.142405868 0.067565463 0.016837139 0.997572780 0.031546421
0.997181118 -0.035801865 -0.065939508 -0.009438776 0.034282599 0.999123275 -0.024029840 -0.142965779 0.066742010 0.021701524 0.997534215 0.032456473
0.997119904 -0.034749951 -0.067411885 -0.007467679 0.032530766 0.998900950 -0.033743117 -0.143909752 0.068510368 0.031452972 0.997154474 0.032973148
0.997017086 -0.037253518 -0.067595050 -0.007871816 0.034825500 0.998717487 -0.036750030 -0.148374185 0.068877421 0.034286380 0.997035801 0.034260232
0.997202694 -0.036735415 -0.065094531 -0.008686175 0.034027997 0.998528540 -0.042223938 -0.147216350 0.066549860 0.039890788 0.996985376 0.034503099
0.997018933 -0.037754308 -0.067289710 -0.007783078 0.034493342 0.998203874 -0.048981931 -0.149661839 0.069018126 0.046514865 0.996530414 0.035001926
0.997077525 -0.038851604 -0.065779351 -0.009053266 0.035299029 0.997898638 -0.054334585 -0.150128916 0.067752108 0.051853847 0.996353745 0.036202259
0.997187197 -0.036636524 -0.065386854 -0.009188086 0.032733891 0.997674108 -0.059790224 -0.150844112 0.067425273 0.057481680 0.996067107 0.035815015
0.997136056 -0.039556250 -0.064459018 -0.011464557 0.035679739 0.997547269 -0.060219266 -0.155869544 0.066682972 0.057746921 0.996101737 0.036074989
0.997102439 -0.036730558 -0.066615559 -0.009077465 0.032157242 0.997134686 -0.068471231 -0.155033320 0.068939678 0.066130660 0.995426595 0.038151614
0.997020960 -0.039637912 -0.066166840 -0.009584478 0.034607202 0.996543705 -0.075518273 -0.157829747 0.068931535 0.073003449 0.994946718 0.038782116
0.997241914 -0.037282612 -0.064175785 -0.009646297 0.032349385 0.996562779 -0.076263912 -0.158378333 0.066798508 0.073977523 0.995020270 0.039242707
0.997134209 -0.038968503 -0.064845018 -0.009641225 0.033798624 0.996301651 -0.078997917 -0.161981821 0.067683630 0.076579854 0.994763494 0.039547596
0.997162402 -0.039271343 -0.064225361 -0.010494347 0.033816162 0.995898187 -0.083924070 -0.162179291 0.067257732 0.081514075 0.994400263 0.040819451
0.997198701 -0.037974715 -0.064441100 -0.009673571 0.032095611 0.995430410 -0.089934558 -0.161062121 0.067561865 0.087614350 0.993860722 0.041220784
0.997077286 -0.038468439 -0.066008098 -0.010074528 0.032423746 0.995384753 -0.090321012 -0.163657904 0.069177963 0.087916799 0.993722796 0.042392410
0.997295260 -0.033866554 -0.065231621 -0.009635549 0.027764754 0.995346308 -0.092275657 -0.165789813 0.068053111 0.090214938 0.993594527 0.043206736
0.997201979 -0.037069358 -0.064916216 -0.009585895 0.030634860 0.994768500 -0.097453140 -0.165669143 0.068189137 0.095191762 0.993120730 0.043437254
0.997271478 -0.035288248 -0.064841144 -0.009570138 0.028675836 0.994551957 -0.100220390 -0.166260570 0.068024486 0.098087557 0.992850184 0.043226983
0.997371376 -0.033797253 -0.064094484 -0.008647058 0.027160019 0.994440556 -0.101736292 -0.168364614 0.067176558 0.099728055 0.992744505 0.045207866
0.997409821 -0.033109050 -0.063855097 -0.010394062 0.026470894 0.994418144 -0.102136120 -0.169822961 0.066880301 0.100181267 0.992718875 0.045592234
0.997365296 -0.033240315 -0.064478911 -0.010280536 0.026403338 0.994213164 -0.104129955 -0.170556411 0.067567095 0.102153145 0.992471397 0.046667196
0.997412801 -0.031503711 -0.064616099 -0.009258477 0.024404164 0.993866563 -0.107859507 -0.170940936 0.067617759 0.106003553 0.992064059 0.046346042
0.997454345 -0.031638499 -0.063904949 -0.009721664 0.024588620 0.993820846 -0.108238481 -0.171710387 0.066934571 0.106391609 0.992068827 0.046401128
0.997444570 -0.028637758 -0.065453678 -0.008328572 0.021394387 0.993833244 -0.108801216 -0.172689095 0.068165869 0.107122838 0.991906285 0.047025986
0.997418404 -0.030416654 -0.065048590 -0.008910193 0.023366570 0.994035900 -0.106520362 -0.173868179 0.067900628 0.104725413 0.992180467 0.047837738
0.997492254 -0.027553702 -0.065192379 -0.008669843 0.020518055 0.994129896 -0.106229581 -0.173367828 0.067736715 0.104625560 0.992202222 0.048236903
0.997495115 -0.024587309 -0.066324733 -0.008200585 0.017653037 0.994506001 -0.103180327 -0.176348239 0.068497270 0.101751037 0.992448926 0.048995137
0.997556627 -0.025696807 -0.064965107 -0.008602513 0.018961305 0.994578302 -0.102247357 -0.176917493 0.067240313 0.100765705 0.992635369 0.048821017
0.997605860 -0.022572650 -0.065368317 -0.007184170 0.015750503 0.994550467 -0.103059784 -0.177326098 0.067338422 0.101783462 0.992524922 0.049783505
0.997615933 -0.019692542 -0.066141441 -0.007174418 0.012843140 0.994657397 -0.102429122 -0.179838389 0.067805164 0.101335458 0.992538929 0.050213318
0.997677505 -0.018699933 -0.065497033 -0.007310679 0.012329767 0.995271504 -0.096346036 -0.180569708 0.066988997 0.095314711 0.993190587 0.049742512
0.997598827 -0.019283295 -0.066518553 -0.007392209 0.012897486 0.995381594 -0.095127121 -0.181287497 0.068045706 0.094040781 0.993240237 0.050737966
0.997765779 -0.018081032 -0.064316131 -0.007337566 0.012193902 0.995796680 -0.090776183 -0.183114856 0.065687120 0.089789100 0.993792295 0.050570503
0.997800708 -0.012353220 -0.065124385 -0.008298196 0.006463516 0.995931268 -0.089884259 -0.182327300 0.065969773 0.089265645 0.993820727 0.049908094
0.997821748 -0.012436483 -0.064785182 -0.007694239 0.006904864 0.996363997 -0.084918194 -0.183466002 0.065605707 0.084285893 0.994279504 0.051472325
0.997793555 -0.011930105 -0.065312251 -0.007173347 0.006445934 0.996483266 -0.083543882 -0.184308097 0.066079251 0.082938544 0.994361460 0.051501069
0.997807384 -0.009322848 -0.065525040 -0.007234525 0.004092383 0.996825755 -0.079509228 -0.185347214 0.066058293 0.079066746 0.994678199 0.051644932
0.997824252 -0.008369086 -0.065396279 -0.007172127 0.003300956 0.997008145 -0.077225700 -0.185549438 0.065846927 0.076841809 0.994866610 0.052116096
0.997961462 -0.007475067 -0.063380584 -0.007549344 0.002664179 0.997130692 -0.075652055 -0.187284619 0.063764237 0.075328976 0.995117903 0.051660430
0.997949302 -0.005665501 -0.063757971 -0.008976338 0.001103327 0.997449756 -0.071363434 -0.185481980 0.063999683 0.071146742 0.995410562 0.051180474
0.997948289 -0.004508573 -0.063866079 -0.007650929 0.000216284 0.997749209 -0.067055710 -0.187361643 0.064024657 0.066904321 0.995703101 0.051948253
0.997919500 -0.001949069 -0.064443044 -0.007634852 -0.002042150 0.998085856 -0.061810233 -0.188986406 0.064440161 0.061813239 0.996005297 0.051730409
0.997886777 -0.002705234 -0.064920120 -0.006480215 -0.000961780 0.998408496 -0.056387387 -0.190589622 0.064969346 0.056330666 0.996296048 0.053224724
0.997905076 -0.001970987 -0.064665273 -0.007139131 -0.001400300 0.998643637 -0.052047718 -0.191754594 0.064680144 0.052029233 0.996548772 0.052537702
0.997930467 -0.000946112 -0.064295411 -0.007675968 -0.002181337 0.998818159 -0.048554271 -0.191429093 0.064265363 0.048594035 0.996748984 0.053216409
0.997842550 -0.001593214 -0.065633282 -0.005375440 -0.001642345 0.998786926 -0.049214106 -0.191662699 0.065632068 0.049215723 0.996629417 0.053404957
0.997934937 0.001170953 -0.064222209 -0.007007923 -0.004059068 0.998985112 -0.044858653 -0.190801620 0.064104497 0.045026701 0.996926904 0.053334601
0.998104751 0.000256767 -0.061537117 -0.009179605 -0.002559220 0.999299347 -0.037339777 -0.192707121 0.061484415 0.037426494 0.997406125 0.051838260
0.997875154 0.000825167 -0.065149412 -0.006227920 -0.003089472 0.999394298 -0.034662485 -0.195173576 0.065081351 0.034790110 0.997273326 0.055023339
0.997876704 0.002087074 -0.065098286 -0.006347254 -0.004113527 0.999510586 -0.031010663 -0.196724713 0.065001704 0.031212602 0.997396886 0.055106197
0.997845232 0.000688852 -0.065607645 -0.006127526 -0.002756947 0.999501944 -0.031436849 -0.194249898 0.065553308 0.031549986 0.997350156 0.054653112
0.997925520 0.001539269 -0.064360514 -0.006995850 -0.003233385 0.999650776 -0.026226424 -0.197523654 0.064297669 0.026380120 0.997582018 0.053499043
0.997805834 0.000948634 -0.066201091 -0.005624461 -0.002652396 0.999667406 -0.025653005 -0.197166339 0.066154741 0.025772311 0.997476459 0.055399098
0.997865081 0.000988592 -0.065302029 -0.006970773 -0.002423892 0.999757171 -0.021903839 -0.198590532 0.065264516 0.022015359 0.997625113 0.055151697
0.997829795 0.002487619 -0.065799020 -0.005878616 -0.003674138 0.999832690 -0.017917611 -0.199384257 0.065743439 0.018120479 0.997672021 0.055531461
0.997806668 0.000522992 -0.066193573 -0.006140403 -0.001502056 0.999890208 -0.014742021 -0.201093614 0.066178598 0.014809113 0.997697890 0.055391155
0.997766316 0.003117414 -0.066728152 -0.006238305 -0.003904050 0.999924362 -0.011661513 -0.201719031 0.066686749 0.011895974 0.997703016 0.055371303
0.997791827 0.001210295 -0.066408098 -0.006339726 -0.001667586 0.999975264 -0.006831078 -0.201336682 0.066398188 0.006926735 0.997769177 0.055144172
0.997775912 0.000286898 -0.066656969 -0.006201699 -0.000378569 0.999998987 -0.001362639 -0.202422440 0.066656508 0.001384843 0.997775018 0.055384822
0.997897863 0.002116329 -0.064771965 -0.008245852 -0.001967456 0.999995291 0.002362116 -0.203363448 0.064776659 -0.002229714 0.997897267 0.053961504
0.997765124 0.003156108 -0.066744447 -0.006449733 -0.002406456 0.999933183 0.011309085 -0.205567881 0.066775680 -0.011123193 0.997705996 0.055390738
0.997877300 0.002569257 -0.065071851 -0.007296114 -0.001418779 0.999841988 0.017720168 -0.206164584 0.065107092 -0.017590232 0.997723222 0.054369163
0.997874320 0.005380827 -0.064945683 -0.007431308 -0.003770536 0.999683022 0.024891576 -0.206861332 0.065059036 -0.024593784 0.997578323 0.054363597
0.997732222 0.007125267 -0.066930264 -0.005689281 -0.004986831 0.999473393 0.032063123 -0.208890840 0.067123480 -0.031656642 0.997242332 0.055800762
0.997925520 0.006052874 -0.064093962 -0.008134979 -0.003788900 0.999366581 0.035385542 -0.207209200 0.064267546 -0.035069291 0.997316301 0.054316271
0.997708917 0.009931296 -0.066919595 -0.005351399 -0.007023301 0.999026537 0.043551035 -0.209765017 0.067286968 -0.042981260 0.996807456 0.056121938
0.997648120 0.008944459 -0.067957364 -0.004842815 -0.005660124 0.998813510 0.048369069 -0.211451739 0.068309367 -0.047870662 0.996515036 0.056689460
0.997705996 0.009844516 -0.066975936 -0.004610873 -0.006108175 0.998425305 0.055764068 -0.211960852 0.067419440 -0.055227045 0.996195078 0.056210354
0.997723937 0.011928010 -0.066367909 -0.005420865 -0.007958266 0.998181045 0.059760220 -0.212183535 0.066960014 -0.059096027 0.996004045 0.056417268
0.997778773 0.013368591 -0.065259352 -0.006219419 -0.009176452 0.997900009 0.064120285 -0.214194044 0.065979503 -0.063379012 0.995806098 0.055556271
0.997741818 0.016865591 -0.065014057 -0.006070599 -0.012017787 0.997167408 0.074248083 -0.216936782 0.066082127 -0.073299088 0.995118260 0.055811297
0.997642696 0.016842451 -0.066523321 -0.004501646 -0.011675555 0.996938825 0.077309147 -0.218319729 0.067621753 -0.076350212 0.994785368 0.057405919
0.997633278 0.017791111 -0.066417992 -0.004322105 -0.012316677 0.996560991 0.081941672 -0.218277067 0.067647412 -0.080929689 0.994421542 0.057747841
0.997727394 0.019976366 -0.064350419 -0.007106642 -0.014434225 0.996236563 0.085465878 -0.217976943 0.065815538 -0.084342800 0.994260848 0.056253754
0.997502625 0.023156943 -0.066725679 -0.003943386 -0.016839780 0.995455503 0.093726784 -0.221204206 0.068592869 -0.092369065 0.993359447 0.057447456
0.997739017 0.023278212 -0.063047297 -0.007699386 -0.017258568 0.995385349 0.094393350 -0.218780801 0.064953662 -0.093091823 0.993536592 0.056299590
0.997649848 0.024610860 -0.063946217 -0.007515606 -0.018168049 0.994876742 0.099449530 -0.221972033 0.066066138 -0.098054029 0.992985725 0.055746123
0.997672796 0.027337510 -0.062463578 -0.007638576 -0.020615028 0.994169593 0.105838783 -0.222666830 0.064992763 -0.104304783 0.992419481 0.056448475
0.997517645 0.028217986 -0.064516254 -0.004620258 -0.020915605 0.993579805 0.111183412 -0.225780591 0.067239419 -0.109558016 0.991703510 0.057894886
0.997669518 0.031099776 -0.060732119 -0.008996430 -0.024030238 0.993207395 0.113849007 -0.225640580 0.063860267 -0.112124272 0.991640091 0.056273818
0.997628570 0.031951442 -0.060961906 -0.007365828 -0.024721783 0.992957413 0.115863621 -0.225078553 0.064234592 -0.114081770 0.991392612 0.057004876
0.997631431 0.033474643 -0.060090937 -0.008751335 -0.025961678 0.992225051 0.121718735 -0.227440357 0.063698225 -0.119870372 0.990743995 0.056926772
0.997410238 0.036922980 -0.061721679 -0.006073345 -0.029161295 0.992072761 0.122234337 -0.225955099 0.065745652 -0.120117895 0.990580261 0.058098298
0.997434974 0.037196118 -0.061155308 -0.006339262 -0.029129308 0.991362393 0.127875134 -0.227805868 0.065383531 -0.125765711 0.989903033 0.058379777
0.997469962 0.038821999 -0.059552722 -0.007745298 -0.030809484 0.991034031 0.130008951 -0.230828539 0.064065978 -0.127845228 0.989722788 0.057658967
0.997430444 0.038816769 -0.060214803 -0.005667904 -0.030869806 0.991331518 0.127706170 -0.228879839 0.064649969 -0.125519201 0.989982486 0.059330702
0.997273326 0.042521235 -0.060314618 -0.005469940 -0.034198180 0.990542948 0.132872835 -0.232683986 0.065394133 -0.130447879 0.989296198 0.059076589
0.997357070 0.043399218 -0.058270089 -0.006103941 -0.035159502 0.990132630 0.135651156 -0.233959317 0.063582271 -0.133243889 0.989041626 0.058685459
0.997183204 0.046179876 -0.059102677 -0.005728351 -0.037571147 0.989540696 0.139275387 -0.236010551 0.064916223 -0.136662528 0.988488376 0.059556350
0.997336626 0.046395797 -0.056277074 -0.007769575 -0.038357250 0.989918828 0.136342958 -0.234355688 0.062035479 -0.133821189 0.989061952 0.058354441
0.997373939 0.047191482 -0.054938473 -0.008825151 -0.039161779 0.989514470 0.139023140 -0.234397382 0.060923122 -0.136506557 0.988764048 0.059078008
0.997307539 0.049028996 -0.054532833 -0.008066675 -0.040945437 0.989224255 0.140566289 -0.237425119 0.060837023 -0.137954950 0.988568306 0.060666651
0.997137845 0.050816983 -0.055979706 -0.005675364 -0.042516634 0.989152968 0.140601397 -0.238296077 0.062517434 -0.137818903 0.988482416 0.061635129
0.997088373 0.052650526 -0.055160992 -0.005165946 -0.044285767 0.988702834 0.143197238 -0.241047740 0.062077239 -0.140337452 0.988155782 0.062021412
0.996931314 0.055224009 -0.055482280 -0.004121593 -0.046691880 0.988361657 0.144779518 -0.241899505 0.062831864 -0.141744673 0.987907171 0.062759496
0.997165918 0.056031536 -0.050206110 -0.009832794 -0.048442278 0.988771558 0.141365305 -0.241728663 0.057563290 -0.138532564 0.988683581 0.061892420
0.996927798 0.059082374 -0.051422495 -0.006352471 -0.051118288 0.988201916 0.144374043 -0.244753227 0.059345771 -0.141301855 0.988186121 0.062750675
0.997019827 0.058602627 -0.050171375 -0.007781152 -0.050690051 0.987898231 0.146586463 -0.246702209 0.058154564 -0.143606424 0.987924695 0.062606707
0.996864855 0.061237056 -0.050104268 -0.006122103 -0.053610124 0.988485217 0.141502440 -0.245489538 0.058192521 -0.138372719 0.988669097 0.064998820
0.996916771 0.062512770 -0.047424629 -0.008174771 -0.055187542 0.988246977 0.142556041 -0.244937092 0.055778820 -0.139499262 0.988649905 0.063279599
0.996869504 0.062992446 -0.047782183 -0.006067057 -0.055372961 0.987619638 0.146769330 -0.249529317 0.056435980 -0.143664017 0.988016009 0.065011106
0.996581256 0.068559207 -0.046102412 -0.005658312 -0.060976516 0.986881554 0.149488136 -0.252091795 0.055746406 -0.146165907 0.987688124 0.065575436
0.996760249 0.065890618 -0.046123676 -0.005101133 -0.058554612 0.987625957 0.145486504 -0.248547867 0.055139132 -0.142314404 0.988284528 0.066870771
0.996794462 0.067511693 -0.042930070 -0.007592054 -0.060446881 0.987034678 0.148689911 -0.252729416 0.052411776 -0.145618290 0.987951577 0.066256143
0.996785820 0.067764543 -0.042732317 -0.006680737 -0.060657673 0.986826122 0.149982870 -0.254453391 0.052332889 -0.146908745 0.987764716 0.067813113
0.996821463 0.068855733 -0.040073369 -0.008184095 -0.062250860 0.987089992 0.147574484 -0.252949685 0.049717370 -0.144610807 0.988238811 0.067677170
0.996632457 0.072604679 -0.038109481 -0.008737639 -0.066195101 0.986672401 0.148646578 -0.254339755 0.048394009 -0.145623341 0.988155782 0.067906365
0.996845424 0.070034578 -0.037341442 -0.009113578 -0.063546509 0.986156821 0.153155193 -0.257391959 0.047550678 -0.150299132 0.987496376 0.068933085
0.996840119 0.069991842 -0.037561666 -0.007391875 -0.063428760 0.986028254 0.154029414 -0.259457618 0.047817670 -0.151160210 0.987352073 0.070178971
0.996588707 0.072859675 -0.038760327 -0.004729215 -0.066411003 0.986834466 0.147469774 -0.255059928 0.048994627 -0.144392595 0.988306761 0.071993813
0.996938825 0.070447296 -0.033914216 -0.008552501 -0.064534463 0.986311734 0.151738212 -0.258991808 0.044139534 -0.149085075 0.987838745 0.071663059
0.997054160 0.069582909 -0.032267537 -0.009096994 -0.063825801 0.985998988 0.154052645 -0.261008024 0.042535190 -0.151539341 0.987535596 0.071729042
0.997013152 0.071361654 -0.029533956 -0.010632439 -0.066117786 0.986299336 0.151135981 -0.260763764 0.039914634 -0.148731843 0.988071680 0.072102219
0.997156501 0.069245823 -0.029731477 -0.008744154 -0.063681446 0.985242784 0.158875033 -0.267066181 0.040294155 -0.156529918 0.986850917 0.074175119
0.997110546 0.071314275 -0.026169498 -0.010280817 -0.066444963 0.985746264 0.154561803 -0.263957560 0.036818948 -0.152376369 0.987636447 0.073477805
0.997328222 0.069102652 -0.023689410 -0.012323380 -0.064616837 0.985774994 0.155152470 -0.265686005 0.034073874 -0.153207213 0.987606466 0.073938742
0.997349024 0.069453903 -0.021703346 -0.012115941 -0.065102294 0.984930396 0.160230651 -0.269100636 0.032504927 -0.158392951 0.986840963 0.075352170
0.997345388 0.068967372 -0.023360910 -0.010055427 -0.064420305 0.985262394 0.158455312 -0.268143952 0.033944871 -0.156529754 0.987089753 0.078010380
0.997432351 0.068496428 -0.020902416 -0.012268098 -0.064314649 0.985138953 0.159263462 -0.269028544 0.031500764 -0.157510206 0.987014830 0.077484667
0.997340918 0.070103854 -0.019914294 -0.011419947 -0.066019863 0.984827995 0.160484210 -0.269708306 0.030862715 -0.158742726 0.986837506 0.078182951
0.997555554 0.067407690 -0.018415116 -0.010133495 -0.063645177 0.985257268 0.158799946 -0.268994182 0.028847964 -0.157239735 0.987139046 0.078963146
0.997609079 0.067684025 -0.013962728 -0.014609013 -0.064672843 0.985537946 0.156628340 -0.269581437 0.024362035 -0.155350849 0.987558901 0.078621492
0.997652948 0.067392819 -0.012118514 -0.015388970 -0.064513378 0.984429657 0.163512304 -0.272983670 0.022949379 -0.162346721 0.986466885 0.081146285
0.997873008 0.064583421 -0.008857734 -0.016126849 -0.062791772 0.988779962 0.135540888 -0.238652185 0.017512042 -0.134696409 0.990732074 0.077218577
0.997583568 0.068514816 -0.011520842 -0.013506287 -0.065697923 0.984208345 0.164370641 -0.275323749 0.022600733 -0.163216561 0.986331344 0.083147280
0.997938156 0.064014092 -0.004635363 -0.017856061 -0.062812649 0.988938212 0.134371102 -0.239577562 0.013185730 -0.133802876 0.990920186 0.079471573
0.997981608 0.063402392 -0.003605381 -0.018598745 -0.062345292 0.988978624 0.134291932 -0.239989713 0.012080073 -0.133796066 0.990935266 0.080475003
0.998018086 0.062913001 -0.001343207 -0.019170118 -0.062158909 0.988931775 0.134722829 -0.240302786 0.009804159 -0.134372354 0.990882337 0.081071168
0.997982860 0.063475281 -0.001065180 -0.019086702 -0.062755294 0.988920271 0.134530440 -0.242382452 0.009592738 -0.134192243 0.990908921 0.082811117
0.998055398 0.062310386 0.001652328 -0.020362101 -0.061966553 0.988983393 0.134432271 -0.243214041 0.006742402 -0.134273246 0.990921497 0.083173499
0.998115838 0.061293557 0.002799568 -0.019718079 -0.061113939 0.989057899 0.134274185 -0.244892567 0.005461207 -0.134192288 0.990940273 0.083547115
0.998084009 0.061721500 0.004340540 -0.021057628 -0.061749380 0.989171505 0.133141950 -0.245254844 0.003924185 -0.133154884 0.991087437 0.085547403
0.998102427 0.061249021 0.006333762 -0.021845639 -0.061544798 0.989055276 0.134096995 -0.246447772 0.001948868 -0.134232342 0.990947902 0.087102048
0.998107016 0.060928386 0.008378716 -0.022391506 -0.061501428 0.989266157 0.132552490 -0.247192249 -0.000212571 -0.132816881 0.991140544 0.087524727
0.998159587 0.059640214 0.010970074 -0.023306035 -0.060573690 0.989109695 0.134137213 -0.248438373 -0.002850633 -0.134554848 0.990902066 0.088707045
0.997714996 0.067023456 0.008520689 -0.021070739 -0.067549907 0.987085223 0.145257339 -0.262241155 0.001325004 -0.145500988 0.989357293 0.091409326
0.998308837 0.056747179 0.012616064 -0.024075709 -0.057940211 0.988934517 0.136570022 -0.250420481 -0.004726499 -0.137070060 0.990550041 0.091158241
0.998229325 0.057995122 0.013220261 -0.024538653 -0.059252039 0.989046633 0.135188863 -0.251822680 -0.005235156 -0.135732785 0.990731657 0.091956213
0.998424172 0.054211613 0.014498318 -0.024827154 -0.055650786 0.989744425 0.131563380 -0.252410084 -0.007217368 -0.132162914 0.991201758 0.092998281
0.998371780 0.054753892 0.015990013 -0.026200475 -0.056391515 0.989611626 0.132245272 -0.254207164 -0.008582957 -0.132931635 0.991088033 0.095011637
0.998339295 0.054574043 0.018442512 -0.026951082 -0.056523636 0.989792585 0.130826727 -0.254174143 -0.011114519 -0.131651908 0.991233706 0.095835313
0.998332560 0.054458268 0.019139968 -0.027091382 -0.056479223 0.990030408 0.129033640 -0.255045146 -0.011922201 -0.129899487 0.991455436 0.096815147
0.998352408 0.053506102 0.020725276 -0.026905030 -0.055773854 0.989754438 0.131435245 -0.257250220 -0.013480343 -0.132374614 0.991108060 0.096634641
0.998231888 0.055417158 0.021493044 -0.027877692 -0.057724115 0.990067601 0.128194943 -0.257954180 -0.014175368 -0.129208922 0.991515994 0.099143870
0.998203635 0.055087104 0.023555458 -0.028777361 -0.057648573 0.990188658 0.127290577 -0.258420050 -0.016312292 -0.128419816 0.991585732 0.100329198
0.998184144 0.054966874 0.024637839 -0.028844222 -0.057673354 0.990150928 0.127572477 -0.260800511 -0.017382920 -0.128761768 0.991523206 0.101065546
0.998150110 0.055012330 0.025884515 -0.029412322 -0.057880122 0.990131855 0.127627790 -0.262017220 -0.018607978 -0.128889903 0.991484344 0.102434874
0.998071134 0.055630881 0.027552841 -0.030905839 -0.058661200 0.990384400 0.125289723 -0.261321485 -0.020317925 -0.126664355 0.991737545 0.103360996
0.997970819 0.057266273 0.027832316 -0.030899853 -0.060276613 0.990547955 0.123212449 -0.263264388 -0.020513332 -0.124640048 0.991989970 0.105238140
0.997938454 0.056209177 0.030975018 -0.032918952 -0.059544273 0.990976751 0.120081104 -0.262454510 -0.023945861 -0.121677905 0.992280722 0.107307762
0.998108089 0.052812029 0.031483371 -0.032339722 -0.056196041 0.991347969 0.118621796 -0.263161272 -0.024946321 -0.120166607 0.992440283 0.107710749
0.997951686 0.054849796 0.032922041 -0.033202410 -0.058419414 0.991099477 0.119620584 -0.265012771 -0.026067851 -0.121298857 0.992273688 0.109370470
0.998045087 0.052709334 0.033580136 -0.033765770 -0.056322195 0.991446316 0.117736757 -0.266566783 -0.027087079 -0.119397908 0.992476940 0.110430688
0.998056352 0.051575247 0.034979094 -0.035816967 -0.055307500 0.991729081 0.115821414 -0.265990466 -0.028716266 -0.117530905 0.992653966 0.113479927
0.998046577 0.051027130 0.036045216 -0.037123591 -0.054795161 0.992113471 0.112731054 -0.266319722 -0.030008601 -0.114485919 0.992971480 0.114928581
0.997972250 0.050776996 0.038379174 -0.037205696 -0.054880254 0.991875827 0.114762329 -0.268890321 -0.032240089 -0.116635889 0.992651284 0.114653148
0.997951329 0.050059285 0.039839637 -0.039345443 -0.054147024 0.992545366 0.109186828 -0.266735345 -0.034076836 -0.111120328 0.993222535 0.118095279
0.997975945 0.049435385 0.040002413 -0.038374670 -0.053651460 0.992226303 0.112287603 -0.271385044 -0.034140464 -0.114206515 0.992870212 0.117275193
0.997954845 0.048348062 0.041815959 -0.039389960 -0.052647598 0.992678285 0.108710796 -0.271891326 -0.036253840 -0.110689975 0.993193507 0.118291333
0.997961879 0.047040492 0.043119319 -0.041873213 -0.051384501 0.993048310 0.105898805 -0.270883590 -0.037838038 -0.107898638 0.993441522 0.121827230
0.998006165 0.046900850 0.042236738 -0.039760962 -0.051117830 0.993154407 0.105029762 -0.272234976 -0.037021615 -0.106979385 0.993571758 0.121917121
0.997914851 0.046010062 0.045267526 -0.043170903 -0.050368279 0.993672669 0.100387648 -0.271461427 -0.040362261 -0.102458350 0.993918061 0.125366494
0.997862637 0.046054084 0.046358645 -0.043814041 -0.050479420 0.993774652 0.099315830 -0.272126883 -0.041496150 -0.101443708 0.993975461 0.127485722
0.997898936 0.044544041 0.047047958 -0.043992992 -0.049026668 0.993891776 0.098871410 -0.274374902 -0.042356446 -0.100970276 0.993987322 0.127009943
0.997814417 0.045633528 0.047790691 -0.043550976 -0.050168138 0.993877947 0.098435983 -0.275759250 -0.043006137 -0.100618392 0.993995130 0.127793610
0.997816682 0.044040468 0.049216188 -0.046151198 -0.048737429 0.993921816 0.098712206 -0.275692672 -0.044569716 -0.100895360 0.993898153 0.130483091
0.997858167 0.043977387 0.048426025 -0.045554761 -0.048453420 0.994248450 0.095510073 -0.276116043 -0.043947209 -0.097651877 0.994249880 0.131708398
0.997847974 0.041270785 0.050952088 -0.047225166 -0.046010446 0.994350672 0.095654480 -0.276765913 -0.046716511 -0.097792953 0.994109690 0.133089125
0.997667432 0.043759841 0.052391522 -0.048156880 -0.048578963 0.994333923 0.094552331 -0.277987480 -0.047957074 -0.096876904 0.994140327 0.135154873
0.997822285 0.041477948 0.051286288 -0.049048610 -0.046134308 0.994576216 0.093218848 -0.278237224 -0.047141597 -0.095381901 0.994323790 0.137423694
0.997857392 0.040716555 0.051213279 -0.048505869 -0.045162302 0.995018065 0.088879973 -0.274275184 -0.047339246 -0.091002457 0.994724870 0.137423843
0.998032153 0.035719402 0.051535990 -0.048647489 -0.040183216 0.995278299 0.088353604 -0.275161356 -0.048136719 -0.090250604 0.994755149 0.139092624
0.997833431 0.037849229 0.053812079 -0.050963879 -0.042378072 0.995421469 0.085674524 -0.274195045 -0.050322980 -0.087769344 0.994868934 0.140970200
0.997750938 0.038250275 0.055046123 -0.052329902 -0.042971242 0.995254338 0.087305717 -0.275057048 -0.051445421 -0.089474767 0.994659603 0.142634735
0.997847795 0.035380729 0.055209137 -0.052560985 -0.040106528 0.995402277 0.086981013 -0.275798947 -0.051877849 -0.089008071 0.994678974 0.143679112
0.997848094 0.035009645 0.055439498 -0.053463995 -0.039695613 0.995520294 0.085812166 -0.277326614 -0.052186895 -0.087828219 0.994767725 0.145453796
0.997857213 0.031829309 0.057165042 -0.055056259 -0.036647707 0.995679200 0.085321344 -0.276723981 -0.054202318 -0.087233499 0.994712234 0.147678956
0.997954726 0.029960534 0.056470077 -0.056490317 -0.034770023 0.995670378 0.086206585 -0.277559847 -0.053642787 -0.087993734 0.994675636 0.149529904
0.997839332 0.029447637 0.058732565 -0.057856474 -0.034407578 0.995760143 0.085309595 -0.277999640 -0.055971377 -0.087146111 0.994621933 0.151036158
0.997858167 0.027223159 0.059480984 -0.058613304 -0.032159723 0.995973706 0.083678685 -0.277997702 -0.056963496 -0.085412361 0.994715989 0.152658358
0.997826695 0.027537093 0.059863556 -0.059238203 -0.032598775 0.995822549 0.085291751 -0.279489160 -0.057264790 -0.087057866 0.994556069 0.154460281
0.997854114 0.024091907 0.060884200 -0.061668411 -0.029066093 0.996193528 0.082180798 -0.278876811 -0.058672547 -0.083774112 0.994756043 0.156501740
0.997970581 0.023745069 0.059083957 -0.060102236 -0.028534377 0.996257961 0.081582993 -0.280147165 -0.056925669 -0.083103359 0.994913697 0.157806769
0.997964680 0.021180969 0.060148716 -0.061063398 -0.026167233 0.996175885 0.083360039 -0.280890971 -0.058153048 -0.084764294 0.994702578 0.159450233
0.998064578 0.019344740 0.059101176 -0.062078226 -0.024100298 0.996435583 0.080842115 -0.281170964 -0.057326645 -0.082109995 0.994973123 0.161647677
0.998070955 0.017580306 0.059542503 -0.062624171 -0.022275811 0.996614754 0.079137541 -0.281548560 -0.057949670 -0.080311231 0.995083869 0.163270161
0.998029351 0.017399041 0.060288358 -0.063898765 -0.022086723 0.996710181 0.077981822 -0.282411784 -0.058733206 -0.079159722 0.995130241 0.164925814
0.998037279 0.017956246 0.059992917 -0.064763188 -0.022577526 0.996755183 0.077262968 -0.282348931 -0.058410883 -0.078465819 0.995204091 0.166797608
0.998012841 0.017616240 0.060498808 -0.066185184 -0.022188749 0.996879220 0.075760111 -0.282745361 -0.058975395 -0.076951958 0.995289028 0.168573394
0.998034477 0.017097147 0.060290474 -0.066656128 -0.021499436 0.997089744 0.073142372 -0.282928020 -0.058864485 -0.074294820 0.995497465 0.170384169
0.997991025 0.018222911 0.060678646 -0.066955432 -0.022484343 0.997272193 0.070304260 -0.282754928 -0.059231974 -0.071527332 0.995678425 0.172612280
0.998066723 0.015855841 0.060094472 -0.068366207 -0.019982815 0.997436643 0.068708211 -0.283559054 -0.058851004 -0.069776237 0.995825171 0.174469799
0.997996092 0.017901801 0.060690284 -0.069592983 -0.021917187 0.997568667 0.066155426 -0.283372879 -0.059358418 -0.067353010 0.995961845 0.176053420
0.998007298 0.017836755 0.060525741 -0.070554279 -0.021848928 0.997561276 0.066288009 -0.284598529 -0.059195768 -0.067478336 0.995963097 0.178200066
0.997902632 0.017563835 0.062304843 -0.072798908 -0.021549121 0.997724891 0.063880295 -0.285948426 -0.061041102 -0.065088920 0.996010721 0.180076018
0.997977018 0.017748155 0.061047543 -0.072150730 -0.021482529 0.997902334 0.061069593 -0.283993453 -0.059835609 -0.062257513 0.996264815 0.182060376
0.997933507 0.017944831 0.061698202 -0.074858420 -0.021757293 0.997858405 0.061686099 -0.287230998 -0.060459122 -0.062900975 0.996186852 0.184171528
0.997972131 0.018505270 0.060903482 -0.074277356 -0.022004282 0.998115003 0.057291843 -0.285533607 -0.059728466 -0.058515802 0.996497989 0.185497865
0.998020053 0.016880659 0.060588650 -0.075350128 -0.020097589 0.998398364 0.052884068 -0.285456955 -0.059598897 -0.053997055 0.996760845 0.187467724
0.998039186 0.018227288 0.059880424 -0.076409854 -0.021443952 0.998336434 0.053522255 -0.286147177 -0.058805238 -0.054701388 0.996769667 0.189457193
0.998039007 0.016660010 0.060335912 -0.077901512 -0.019787742 0.998470902 0.051617868 -0.286124080 -0.059383694 -0.052710563 0.996842563 0.191105798
0.998081446 0.016064107 0.059794564 -0.078889519 -0.019214476 0.998436570 0.052490018 -0.287394851 -0.058857869 -0.053538226 0.996829569 0.193355560
0.998090744 0.015699349 0.059735794 -0.080182590 -0.018768612 0.998513579 0.051171437 -0.286746383 -0.058843639 -0.052194893 0.996901691 0.195466116
0.998113692 0.014663702 0.059616186 -0.081871822 -0.017724846 0.998533785 0.051147118 -0.288756937 -0.058778770 -0.052107289 0.996910214 0.197566047
0.998128831 0.013006805 0.059745777 -0.083008930 -0.016101521 0.998537421 0.051612154 -0.288778514 -0.058987077 -0.052477568 0.996878386 0.199567497
0.998237550 0.013490142 0.057790842 -0.082784727 -0.016233308 0.998750508 0.047263727 -0.287164688 -0.057081036 -0.048118565 0.997209311 0.200357169
0.998308241 0.013260718 0.056611914 -0.083306566 -0.015913319 0.998783708 0.046665192 -0.286661536 -0.055924252 -0.047487129 0.997305155 0.202676639
