1.000000000 0.000000000 0.000000000 0.000000000 0.000000000 1.000000000 0.000000000 0.000000000 0.000000000 0.000000000 1.000000000 0.000000000
0.999998748 0.001199980 -0.001002275 -0.000005155 -0.001200238 0.999999225 -0.000256732 0.000013467 0.001001966 0.000257935 0.999999464 -0.000189155
0.999999464 0.000981322 -0.000233863 -0.000133373 -0.000981040 0.999998808 0.001204979 -0.000284219 0.000235045 -0.001204749 0.999999225 -0.000380892
0.999999881 0.000238146 -0.000432065 -0.000081234 -0.000238090 0.999999940 0.000130642 -0.000052778 0.000432096 -0.000130539 0.999999881 -0.000221134
0.999999046 0.001220197 -0.000628372 -0.000107787 -0.001220270 0.999999225 -0.000115684 -0.000005378 0.000628230 0.000116450 0.999999821 -0.000089638
0.999996483 0.002339730 -0.001246235 -0.000066918 -0.002341881 0.999995768 -0.001727477 0.000204880 0.001242188 0.001730390 0.999997735 -0.000161071
0.999999583 0.000751419 -0.000479784 -0.000183508 -0.000750589 0.999998212 0.001727434 -0.000181727 0.000481082 -0.001727073 0.999998391 -0.000418408
0.999999702 -0.000131515 -0.000788384 -0.000144115 0.000131541 1.000000000 0.000033081 -0.000088607 0.000788380 -0.000033185 0.999999702 -0.000149287
0.999999344 0.000042463 -0.001119510 -0.000164011 -0.000040734 0.999998808 0.001544080 -0.000156806 0.001119575 -0.001544033 0.999998152 -0.000652023
0.999999404 0.000972735 -0.000432924 -0.000044752 -0.000972761 0.999999523 -0.000059913 0.000024053 0.000432866 0.000060334 0.999999881 -0.000084115
0.999999881 0.000369304 -0.000395887 -0.000085556 -0.000369321 0.999999940 -0.000043114 -0.000071463 0.000395871 0.000043261 0.999999940 -0.000019309
0.999998271 0.001249332 -0.001355416 -0.000121956 -0.001248468 0.999999046 0.000637433 -0.000136049 0.001356211 -0.000635740 0.999998868 -0.000193915
0.999997437 0.002218970 -0.000398069 -0.000172596 -0.002218971 0.999997556 -0.000002071 -0.000030475 0.000398063 0.000002954 0.999999940 -0.000599771
0.999998868 -0.000128829 -0.001514525 0.000069873 0.000128264 0.999999940 -0.000373512 -0.000048469 0.001514573 0.000373317 0.999998808 -0.000070965
0.999999642 0.000532408 -0.000627368 -0.000112644 -0.000532036 0.999999702 0.000593551 -0.000092003 0.000627684 -0.000593217 0.999999642 -0.000173207
0.999997377 0.002092876 -0.000944419 -0.000207953 -0.002092355 0.999997675 0.000551882 -0.000086663 0.000945572 -0.000549904 0.999999404 -0.000530097
0.999998748 0.001576142 -0.000123939 -0.000080655 -0.001575912 0.999997079 0.001830398 -0.000143487 0.000126823 -0.001830201 0.999998331 -0.000182278
0.999999702 0.000766391 -0.000126955 -0.000252528 -0.000766616 0.999998093 -0.001783175 -0.000028336 0.000125588 0.001783272 0.999998391 -0.000443928
0.999995887 0.002806080 -0.000576350 -0.000275191 -0.002806699 0.999995470 -0.001074915 -0.000422818 0.000573331 0.001076528 0.999999285 -0.000536286
0.999998510 0.001714778 -0.000204367 -0.000012856 -0.001714746 0.999998510 0.000157749 -0.000285380 0.000204638 -0.000157398 0.999999940 -0.000005062
0.999999762 0.000711552 0.000048566 -0.000287489 -0.000711506 0.999999285 -0.000943417 -0.000555470 -0.000049237 0.000943383 0.999999583 -0.000248824
0.999998987 0.001316682 -0.000513450 -0.000576572 -0.001316882 0.999999046 -0.000388277 -0.000039633 0.000512938 0.000388953 0.999999821 -0.000442208
0.999999225 0.001118873 -0.000537836 -0.000313741 -0.001118354 0.999998927 0.000962871 -0.000440058 0.000538913 -0.000962269 0.999999404 -0.000336315
0.999999940 -0.000169562 -0.000373876 -0.000328409 0.000169615 1.000000000 0.000143437 -0.000590291 0.000373852 -0.000143501 0.999999940 -0.000175656
0.999999821 0.000051816 -0.000608838 -0.000255087 -0.000051524 0.999999881 0.000479505 -0.000107715 0.000608863 -0.000479474 0.999999702 -0.000021603
0.999999940 -0.000029161 -0.000309436 -0.000134318 0.000029784 0.999997973 0.002013570 -0.000588028 0.000309377 -0.002013579 0.999997914 -0.000116304
0.999999583 -0.000563477 -0.000715702 -0.000074275 0.000563269 0.999999821 -0.000290739 -0.000098484 0.000715866 0.000290336 0.999999702 0.000068587
0.999999940 -0.000016021 0.000348490 -0.000237815 0.000015902 0.999999940 0.000340791 0.000003244 -0.000348495 -0.000340785 0.999999881 -0.000258462
0.999999940 -0.000135802 -0.000222685 -0.000204082 0.000135844 1.000000000 0.000189826 -0.000087906 0.000222659 -0.000189856 0.999999940 -0.000049097
0.999999046 -0.000152897 -0.001356840 -0.000141219 0.000153379 0.999999940 0.000355222 -0.000222930 0.001356785 -0.000355430 0.999998987 -0.000224503
0.999999166 0.000944160 -0.000912816 -0.000175417 -0.000944295 0.999999523 -0.000147613 -0.000161530 0.000912677 0.000148475 0.999999583 -0.000049554
0.999998510 0.001608037 -0.000592597 -0.000005567 -0.001608139 0.999998689 -0.000172242 -0.000028203 0.000592319 0.000173195 0.999999821 -0.000196864
0.999999523 0.000917079 -0.000365266 -0.000405978 -0.000916914 0.999999464 0.000452085 -0.000029101 0.000365680 -0.000451749 0.999999821 -0.000568122
0.999998748 0.001113752 -0.001101399 -0.000141818 -0.001112735 0.999998927 0.000924070 -0.000060602 0.001102427 -0.000922843 0.999998987 -0.000217026
0.999995530 0.002853843 -0.000902312 -0.000030955 -0.002853787 0.999995947 0.000063818 -0.000255950 0.000902491 -0.000061243 0.999999583 -0.000411758
0.999997556 0.002029029 -0.000905092 0.000096450 -0.002028531 0.999997795 0.000550791 -0.000095801 0.000906208 -0.000548953 0.999999464 -0.000362134
0.999998331 0.001333991 -0.001243602 0.000167490 -0.001334665 0.999998987 -0.000541391 -0.000317837 0.001242878 0.000543050 0.999999106 -0.000322399
0.999997795 0.001992987 -0.000703630 0.000113314 -0.001994013 0.999996960 -0.001460368 -0.000014566 0.000700717 0.001461767 0.999998689 -0.000064373
0.999999940 -0.000019311 -0.000331644 0.000116602 0.000019436 0.999999940 0.000375069 -0.000119551 0.000331636 -0.000375076 0.999999881 0.000017806
0.999999940 -0.000375364 -0.000008589 -0.000172197 0.000375359 0.999999702 -0.000632602 -0.000039153 0.000008827 0.000632599 0.999999821 -0.000281273
0.999999702 0.000704090 -0.000297673 -0.000246408 -0.000703719 0.999998987 0.001245375 -0.000666221 0.000298550 -0.001245166 0.999999166 -0.000433105
0.999999464 0.000547236 -0.000875078 -0.000266836 -0.000545864 0.999998629 0.001567513 -0.000033878 0.000875935 -0.001567034 0.999998391 -0.000520844
0.999999046 0.001390451 0.000036446 -0.000369235 -0.001390469 0.999998927 0.000502222 0.000103441 -0.000035747 -0.000502273 0.999999881 -0.000226989
0.999999702 -0.000164296 -0.000743207 -0.000079831 0.000164482 0.999999940 0.000250396 -0.000278337 0.000743166 -0.000250519 0.999999702 0.000052287
0.999998629 0.001598249 -0.000401470 -0.000099757 -0.001598316 0.999998689 -0.000166840 -0.000108674 0.000401203 0.000167481 0.999999881 0.000105560
0.999998271 0.001730176 -0.000655224 -0.000361960 -0.001729812 0.999998331 0.000555684 0.000000864 0.000656184 -0.000554549 0.999999642 -0.000420826
0.999996543 0.002478492 -0.000881914 -0.000244186 -0.002479646 0.999996066 -0.001310001 -0.000009654 0.000878663 0.001312183 0.999998748 -0.000288848
0.999998450 0.001734647 -0.000233949 -0.000092846 -0.001734153 0.999996305 0.002093208 -0.000028826 0.000237579 -0.002092799 0.999997795 -0.000210515
0.999999166 0.001288621 0.000174748 -0.000306826 -0.001288262 0.999997079 -0.002039609 -0.000069772 -0.000177376 0.002039382 0.999997914 -0.000242753
0.999998987 0.001208388 -0.000716525 -0.000410969 -0.001208518 0.999999225 -0.000182055 -0.000148212 0.000716304 0.000182921 0.999999702 -0.000295127
0.999999166 0.000899304 -0.000925545 -0.000164669 -0.000899122 0.999999583 0.000197813 -0.000104160 0.000925723 -0.000196981 0.999999523 -0.000265262
0.999999702 0.000364576 -0.000691655 -0.000094418 -0.000364716 0.999999940 -0.000202373 -0.000129733 0.000691582 0.000202625 0.999999762 -0.000196644
0.999999940 0.000209419 -0.000181040 -0.000260160 -0.000209698 0.999998808 -0.001540877 -0.000364161 0.000180718 0.001540915 0.999998808 -0.000437282
0.999998868 0.001421238 -0.000498942 -0.000218496 -0.001421306 0.999998987 -0.000135438 -0.000160741 0.000498749 0.000136147 0.999999881 -0.000247789
0.999999464 0.000726755 -0.000765792 -0.000312971 -0.000727715 0.999998927 -0.001253881 -0.000014910 0.000764880 0.001254438 0.999998927 -0.000459451
0.999998391 0.001616626 -0.000809496 -0.000296140 -0.001614687 0.999995828 0.002389517 -0.000048160 0.000813356 -0.002388206 0.999996841 -0.000312836
0.999997258 0.002121413 -0.000982331 -0.000124116 -0.002121869 0.999997616 -0.000463030 -0.000030205 0.000981347 0.000465113 0.999999404 -0.000480027
0.999994278 0.003384977 -0.000080160 -0.000142614 -0.003384859 0.999993265 0.001424912 -0.000133723 0.000084982 -0.001424633 0.999998987 -0.000112891
0.999997973 0.001811562 -0.000900231 -0.000126710 -0.001812628 0.999997675 -0.001184716 0.000130140 0.000898083 0.001186345 0.999998868 -0.000267383
0.999999404 0.001042840 -0.000243688 -0.000231555 -0.001042805 0.999999464 0.000143047 -0.000051921 0.000243837 -0.000142792 0.999999940 -0.000173984
0.999997437 0.002125745 -0.000760790 -0.000237753 -0.002126161 0.999997616 -0.000546220 0.000062479 0.000759627 0.000547837 0.999999583 -0.000408603
0.999998748 0.001576009 -0.000117624 -0.000148074 -0.001575997 0.999998748 0.000108364 -0.000133993 0.000117795 -0.000108179 1.000000000 -0.000008585
0.999998212 0.001625843 -0.000987637 -0.000280424 -0.001626552 0.999998391 -0.000717778 -0.000147951 0.000986468 0.000719383 0.999999225 -0.000443327
0.999998808 0.001276178 -0.000889876 -0.000297168 -0.001276867 0.999998868 -0.000774063 -0.000075317 0.000888887 0.000775199 0.999999285 -0.000380715
0.999998510 0.001648370 -0.000473358 -0.000099879 -0.001648029 0.999998391 0.000718308 -0.000035061 0.000474541 -0.000717527 0.999999642 -0.000319919
0.999999106 0.001018785 -0.000857349 -0.000267773 -0.001018299 0.999999344 0.000567167 -0.000942356 0.000857926 -0.000566294 0.999999464 -0.000433863
0.999998987 -0.001245559 -0.000654340 -0.000385884 0.001246117 0.999998868 0.000853154 -0.001189271 0.000653277 -0.000853968 0.999999404 -0.000391131
0.999999940 -0.000285392 -0.000025090 -0.000021601 0.000285393 0.999999940 0.000035424 -0.000059058 0.000025080 -0.000035431 1.000000000 -0.000055612
0.999999762 0.000674070 -0.000017673 0.000392849 -0.000674049 0.999999106 0.001174746 0.000961244 0.000018465 -0.001174734 0.999999285 0.000055356
0.999999523 0.000819004 -0.000578474 -0.000004079 -0.000819792 0.999998748 -0.001363537 0.001084058 0.000577356 0.001364010 0.999998927 0.000060414
0.999998510 0.001400188 -0.001012691 0.000127402 -0.001399658 0.999998868 0.000523998 -0.000011103 0.001013424 -0.000522580 0.999999344 -0.000360481
0.999996722 0.002535716 -0.000379947 0.000089312 -0.002536188 0.999996006 -0.001247037 0.000406635 0.000376783 0.001247996 0.999999166 -0.000189383
0.999997735 0.002064066 -0.000474914 0.000007299 -0.002064766 0.999996781 -0.001479681 -0.000010220 0.000471859 0.001480658 0.999998808 -0.000121277
0.999996364 0.002503196 -0.001009705 -0.000416752 -0.002503220 0.999996841 -0.000022341 -0.000156095 0.001009646 0.000024868 0.999999464 -0.000677968
0.999994159 0.003042590 -0.001545439 0.000004195 -0.003041853 0.999995232 0.000478782 -0.000113528 0.001546888 -0.000474079 0.999998689 -0.000390069
0.999996781 0.001881821 -0.001693479 -0.000008088 -0.001879683 0.999997437 0.001263509 -0.000095514 0.001695852 -0.001260322 0.999997795 -0.000460498
0.999997497 0.002206861 -0.000387395 -0.000243017 -0.002206089 0.999995589 0.001981277 0.000505727 0.000391766 -0.001980417 0.999997973 -0.000259042
0.999999583 0.000428400 -0.000769409 0.000141023 -0.000428112 0.999999821 0.000374552 0.000019194 0.000769569 -0.000374223 0.999999642 0.000176236
0.999998868 0.001497724 0.000066979 -0.000058757 -0.001497732 0.999998868 0.000126095 -0.000222699 -0.000066790 -0.000126196 1.000000000 -0.000181995
0.999998033 0.001588517 -0.001196899 0.000204000 -0.001589626 0.999998331 -0.000926088 -0.000522573 0.001195426 0.000927988 0.999998868 -0.000452696
0.999999642 -0.000436110 -0.000714707 0.000094863 0.000435995 0.999999881 -0.000161235 -0.000277972 0.000714778 0.000160924 0.999999702 0.000139020
0.999999106 0.001211394 -0.000586469 -0.000118190 -0.001210811 0.999998748 0.000993271 0.000035040 0.000587672 -0.000992559 0.999999344 -0.000275694
0.999999940 0.000272361 -0.000064255 -0.000052748 -0.000272367 0.999999940 -0.000099015 0.000043199 0.000064228 0.000099033 1.000000000 -0.000055124
0.999999344 -0.000793810 0.000816159 0.000046483 0.000794993 0.999998629 -0.001449803 -0.000099028 -0.000815007 0.001450451 0.999998629 0.000138089
0.999995053 0.002377594 0.002058023 -0.000068326 -0.002372192 0.999993742 -0.002623146 -0.000097127 -0.002064247 0.002618251 0.999994457 -0.000038455
0.999997437 0.002116928 0.000824087 -0.000089517 -0.002114746 0.999994278 -0.002639863 -0.000356278 -0.000829670 0.002638114 0.999996185 -0.000213830
0.999999523 0.000886714 0.000452548 -0.000102928 -0.000886943 0.999999464 0.000505889 -0.000211073 -0.000452100 -0.000506290 0.999999762 -0.000191791
0.999999821 0.000152424 0.000625370 -0.000234778 -0.000150957 0.999997258 -0.002345504 -0.000438954 -0.000625726 0.002345409 0.999997079 0.000241168
0.999997318 0.002160757 0.000832068 -0.000074256 -0.002159082 0.999995649 -0.002008495 -0.001216811 -0.000836404 0.002006693 0.999997616 -0.000202280
0.999995291 0.002998208 0.000669314 0.000418266 -0.002996752 0.999993145 -0.002165793 -0.001204467 -0.000675803 0.002163776 0.999997437 0.000496009
0.999990523 0.004201576 -0.001144720 0.000203771 -0.004203500 0.999989748 -0.001683329 -0.004470942 0.001137635 0.001688125 0.999997914 0.000125472
0.999988437 0.004793626 -0.000330193 0.000380409 -0.004794519 0.999984682 -0.002759243 -0.005886233 0.000316961 0.002760795 0.999996126 0.000322431
0.999997258 -0.000198188 -0.002325728 -0.000048451 0.000184414 0.999982476 -0.005921266 -0.008063592 0.002326860 0.005920821 0.999979794 0.000196039
0.999997020 -0.000668555 -0.002359218 0.000217968 0.000660365 0.999993742 -0.003470675 -0.010282141 0.002361523 0.003469107 0.999991179 0.000445496
0.999987900 -0.001068308 -0.004806720 -0.000330365 0.001059765 0.999997854 -0.001779586 -0.013618317 0.004808611 0.001774471 0.999986887 0.000554827
0.999981165 -0.003185148 -0.005245932 -0.001211887 0.003193180 0.999993742 0.001523439 -0.017996149 0.005241047 -0.001540162 0.999985099 0.000104955
0.999960065 -0.006857832 -0.005725559 -0.001508386 0.006859360 0.999976456 0.000247353 -0.021928838 0.005723728 -0.000286616 0.999983549 0.000494770
0.999946237 -0.006007455 -0.008448810 -0.000664182 0.006024241 0.999979913 0.001962660 -0.027257072 0.008436849 -0.002013453 0.999962389 0.000353068
0.999927282 -0.006519782 -0.010143613 -0.000943657 0.006547342 0.999974966 0.002686135 -0.031874914 0.010125846 -0.002752354 0.999944925 0.000592323
0.999920785 -0.005490267 -0.011326118 -0.000988506 0.005526673 0.999979675 0.003185491 -0.037482053 0.011308399 -0.003247834 0.999930799 0.000143947
0.999868333 -0.006373007 -0.014921219 -0.001361541 0.006510396 0.999936700 0.009177252 -0.043328807 0.014861788 -0.009273186 0.999846578 -0.000194998
0.999820173 -0.010695767 -0.015660923 -0.002235777 0.010778611 0.999928296 0.005215014 -0.049286351 0.015604022 -0.005382880 0.999863744 0.000902319
0.999802887 -0.007307165 -0.018459834 -0.001708132 0.007556522 0.999880672 0.013474615 -0.056417875 0.018359169 -0.013611451 0.999738812 0.000212200
0.999809682 -0.006913485 -0.018244468 -0.002248366 0.007237245 0.999816418 0.017739704 -0.062755831 0.018118476 -0.017868366 0.999676168 0.000276883
0.999763548 -0.008727756 -0.019916220 -0.002626970 0.009099958 0.999784172 0.018674873 -0.069979392 0.019748934 -0.018851694 0.999627233 0.000240310
0.999722600 -0.009198475 -0.021681301 -0.003081096 0.009651641 0.999735177 0.020890113 -0.077441216 0.021483403 -0.021093579 0.999546647 0.000752016
0.999689937 -0.008273992 -0.023485716 -0.003033071 0.008872502 0.999635577 0.025495229 -0.084567815 0.023266211 -0.025695700 0.999399006 0.000753396
0.999671221 -0.006143658 -0.024894966 -0.002917356 0.006780429 0.999649882 0.025575144 -0.091129147 0.024729125 -0.025735533 0.999362886 0.000953956
0.999626875 -0.004909395 -0.026870469 -0.003015866 0.005802905 0.999429345 0.033276189 -0.100021079 0.026691768 -0.033419698 0.999084890 0.001174161
0.999560714 -0.007178705 -0.028754534 -0.003232175 0.008204216 0.999328613 0.035706621 -0.107105397 0.028478902 -0.035926845 0.998948574 0.001306443
0.999560475 -0.003807345 -0.029400535 -0.003473853 0.004878737 0.999323368 0.036455922 -0.114050269 0.029241841 -0.036583334 0.998902678 0.000815531
0.999500155 -0.000118019 -0.031614404 -0.003604257 0.001441225 0.999123514 0.041835003 -0.122309864 0.031581756 -0.041859657 0.998624206 0.001788473
0.999440968 0.000172088 -0.033431649 -0.003851991 0.001449440 0.998823464 0.048472475 -0.130185127 0.033400659 -0.048493832 0.998264849 0.002727713
0.999385238 0.001268496 -0.035036255 -0.003809908 0.000527968 0.998687387 0.051217653 -0.138069570 0.035055235 -0.051204663 0.998072743 0.002881462
0.999358356 0.003748734 -0.035620488 -0.004419036 -0.001805582 0.998516083 0.054427896 -0.146232724 0.035771668 -0.054328654 0.997882128 0.002447194
0.999257982 0.007842630 -0.037708957 -0.003431629 -0.005507827 0.998084068 0.061626319 -0.153731763 0.038120020 -0.061372895 0.997386694 0.002474390
0.999208927 0.011026786 -0.038208488 -0.004089405 -0.008488108 0.997784913 0.065979213 -0.160816953 0.038851392 -0.065602705 0.997089207 0.003146472
0.999134004 0.013078700 -0.039498501 -0.004598089 -0.010291605 0.997496784 0.069958813 -0.169962823 0.040314600 -0.069491722 0.996767581 0.003246620
0.999061704 0.014175099 -0.040924449 -0.003452385 -0.011067440 0.997107923 0.075188532 -0.178928927 0.041871898 -0.074665055 0.996329188 0.003293827
0.998957396 0.017503118 -0.042163737 -0.004762580 -0.014068323 0.996661365 0.080425195 -0.186048359 0.043430660 -0.079748169 0.995868444 0.004589110
0.998842418 0.020425249 -0.043549825 -0.005008216 -0.016685924 0.996278584 0.084561318 -0.194503203 0.045114942 -0.083736762 0.995466113 0.005875539
0.998741150 0.020592436 -0.045739312 -0.005463697 -0.016315257 0.995626092 0.091991931 -0.202036023 0.047433589 -0.091129877 0.994708717 0.005919027
0.998649657 0.024259131 -0.045938179 -0.005376944 -0.019781733 0.995230138 0.095528349 -0.211690247 0.048036493 -0.094490618 0.994366109 0.006940158
0.998619318 0.024833918 -0.046290193 -0.006014897 -0.020011252 0.994595349 0.101880699 -0.219716176 0.048570104 -0.100813709 0.993719041 0.008123148
0.998434365 0.028352153 -0.048217550 -0.004815862 -0.023248464 0.994378865 0.103296742 -0.227219403 0.050875198 -0.102014035 0.993481159 0.009032379
0.998409688 0.028975824 -0.048357625 -0.006660528 -0.023561232 0.993761778 0.109006643 -0.235266164 0.051214516 -0.107693925 0.992864072 0.010406135
0.998387635 0.028109988 -0.049315479 -0.004494870 -0.022273697 0.993099391 0.115140878 -0.245830491 0.052211784 -0.113856792 0.992124259 0.014535282
0.998298228 0.028854344 -0.050677270 -0.005075568 -0.022636674 0.992607057 0.119242348 -0.254029602 0.053743277 -0.117892265 0.991571009 0.015356311
0.998264253 0.028362205 -0.051615465 -0.005750249 -0.021931801 0.992392957 0.121140540 -0.261766970 0.054658648 -0.119798250 0.991292477 0.017022930
0.998294294 0.026423058 -0.052061077 -0.007113791 -0.019902153 0.992328823 0.122013628 -0.269453406 0.054885682 -0.120769389 0.991162121 0.019169929
0.998261392 0.026783079 -0.052508373 -0.006084859 -0.020268846 0.992459416 0.120885797 -0.277469844 0.055350129 -0.119611323 0.991276741 0.020467160
0.998248279 0.026023801 -0.053131782 -0.007708990 -0.019212967 0.991984069 0.124894738 -0.285602927 0.055956114 -0.123655163 0.990746319 0.021130422
0.998244941 0.024443485 -0.053939298 -0.008389289 -0.017256316 0.991376996 0.129899293 -0.292577952 0.056649365 -0.128740519 0.990058899 0.023370715
0.998147011 0.025576252 -0.055212796 -0.008494372 -0.018354602 0.991662264 0.127550408 -0.299791515 0.058014706 -0.126300663 0.990294039 0.025448130
0.998269081 0.023605080 -0.053866845 -0.009335240 -0.016443333 0.991414487 0.129718885 -0.307915926 0.056466393 -0.128608599 0.990086496 0.026801094
0.998224080 0.020717429 -0.055852417 -0.010497206 -0.013191421 0.991175950 0.131894454 -0.315588236 0.058092095 -0.130923465 0.989688933 0.028589876
0.998184860 0.019308053 -0.057045609 -0.010664402 -0.011649453 0.991227031 0.131655395 -0.324422598 0.059087172 -0.130751863 0.989652693 0.030435693
0.998168707 0.017513093 -0.057900392 -0.012192855 -0.009518358 0.990721643 0.135572061 -0.331479132 0.059737466 -0.134772673 0.989074171 0.031998992
0.998248875 0.015573765 -0.057067353 -0.012820859 -0.008019408 0.991443753 0.130287275 -0.339194745 0.058608137 -0.129601479 0.989832580 0.034790318
0.998211384 0.015386510 -0.057769779 -0.013054897 -0.008013200 0.992028654 0.125757650 -0.346770644 0.059244253 -0.125069797 0.990377545 0.037083589
0.998230457 0.012299552 -0.058177456 -0.014745489 -0.004873577 0.992005348 0.126101553 -0.354798406 0.059263345 -0.125594884 0.990309834 0.039204687
0.998224139 0.010463797 -0.058643594 -0.015945766 -0.003085986 0.992213309 0.124511696 -0.361998171 0.059489816 -0.124109603 0.990483582 0.041669849
0.998249590 0.008591044 -0.058515813 -0.016561845 -0.001517874 0.992789268 0.119862996 -0.368394911 0.059123628 -0.119564354 0.991064310 0.044348974
0.998215437 0.007693482 -0.059217513 -0.017892364 -0.000684922 0.993075728 0.117473915 -0.375741094 0.059711259 -0.117223740 0.991308749 0.047336321
0.998156786 0.005327088 -0.060453992 -0.018415865 0.001789083 0.993124247 0.117051795 -0.383842677 0.060661867 -0.116944209 0.991284072 0.048805475
0.998127580 0.003181644 -0.061083660 -0.020707378 0.003641983 0.993783116 0.111274093 -0.389806747 0.061057948 -0.111288220 0.991910696 0.053081747
0.998096764 0.003687658 -0.061556518 -0.020892609 0.002992392 0.994138241 0.108075283 -0.396835566 0.061594233 -0.108053811 0.992235124 0.054503769
0.998096406 -0.000196769 -0.061671771 -0.022544589 0.006587113 0.994614601 0.103432521 -0.404743433 0.061319303 -0.103641883 0.992722631 0.057980776
0.998145700 -0.000951680 -0.060861669 -0.023171842 0.006825325 0.995321870 0.096373275 -0.410642117 0.060485233 -0.096609980 0.993482709 0.060826030
0.998067260 -0.003954853 -0.062017418 -0.024163062 0.009714095 0.995633543 0.092840672 -0.417977154 0.061379455 -0.093263701 0.993747652 0.063522272
0.997972906 -0.006999799 -0.063254461 -0.025331764 0.012497365 0.996135235 0.086939082 -0.424754500 0.062401447 -0.087553367 0.994203389 0.067188948
0.998028815 -0.009808579 -0.061986256 -0.025689393 0.014768994 0.996679008 0.080080301 -0.431397825 0.060994919 -0.080837920 0.994859159 0.070415229
0.997897029 -0.011338400 -0.063821346 -0.027295884 0.016258053 0.996890664 0.077101395 -0.437919348 0.062748700 -0.077976860 0.994978487 0.072951227
0.997909606 -0.014060356 -0.063077830 -0.028221563 0.018455001 0.997401595 0.069637731 -0.444767088 0.061934806 -0.070656262 0.995576143 0.076516122
0.997816801 -0.014020614 -0.064539284 -0.029124251 0.018056870 0.997888625 0.062387303 -0.451151043 0.063528307 -0.063416474 0.995963097 0.079436794
0.997819483 -0.016045367 -0.064022489 -0.028895611 0.019675288 0.998210073 0.056476105 -0.457816064 0.063001722 -0.057612620 0.996349037 0.082427487
0.997728944 -0.017034594 -0.065168053 -0.029889736 0.020319816 0.998538136 0.050085526 -0.463799477 0.064219609 -0.051295981 0.996616602 0.085704193
0.997742176 -0.018390413 -0.064594135 -0.030880086 0.021271814 0.998795986 0.044207074 -0.470367670 0.063703373 -0.045481298 0.996931970 0.088892564
0.997706890 -0.021095354 -0.064312287 -0.032114834 0.023691451 0.998923719 0.039875321 -0.476748437 0.063401893 -0.041307531 0.997132838 0.092407107
0.997594059 -0.022697350 -0.065506853 -0.032368544 0.024903988 0.999142766 0.033067953 -0.483307302 0.064700142 -0.034619771 0.997304142 0.095329590
0.997617841 -0.024600245 -0.064447902 -0.033381388 0.026174802 0.999376416 0.023702100 -0.489397794 0.063824639 -0.025332563 0.997639596 0.098741606
0.997518659 -0.027083881 -0.064984307 -0.034431338 0.028337426 0.999428153 0.018446334 -0.495810121 0.064447545 -0.020242058 0.997715771 0.101994164
0.997415483 -0.030232273 -0.065180518 -0.034960605 0.030860374 0.999486327 0.008650966 -0.502434015 0.064885490 -0.010640115 0.997835994 0.105863377
0.997444332 -0.029409977 -0.065115780 -0.036629602 0.029690078 0.999553561 0.003337942 -0.507646799 0.064988539 -0.005262703 0.997872114 0.108712658
0.997391999 -0.031058766 -0.065150484 -0.037591357 0.030944869 0.999517262 -0.002756841 -0.512744308 0.065204665 0.000733584 0.997871697 0.112328455
0.997316539 -0.033016019 -0.065344393 -0.038427584 0.032333735 0.999411345 -0.011471711 -0.518864274 0.065684669 0.009328105 0.997796893 0.114973135
0.997440279 -0.031286281 -0.064298145 -0.038620733 0.030381639 0.999425769 -0.014999606 -0.524655819 0.064730510 0.013007715 0.997817993 0.118223213
0.997329831 -0.033347644 -0.064970598 -0.038380805 0.031823315 0.999196649 -0.024357319 -0.530029237 0.065730661 0.022224717 0.997589886 0.121716209
0.997266710 -0.034113895 -0.065540321 -0.039980683 0.032003738 0.998943388 -0.032981060 -0.536215603 0.066596195 0.030793384 0.997304738 0.125500247
0.997233391 -0.036255818 -0.064894825 -0.041371562 0.033894550 0.998735607 -0.037124731 -0.542121232 0.066158764 0.034822434 0.997201324 0.126881048
0.997260034 -0.035184495 -0.065073699 -0.040607199 0.032189444 0.998398781 -0.046515122 -0.547404051 0.066606119 0.044292964 0.996795774 0.130721033
0.997193396 -0.037291914 -0.064919934 -0.042025842 0.033866554 0.998015404 -0.053086936 -0.550554991 0.066770814 0.050739326 0.996477365 0.133096337
0.997295201 -0.036853649 -0.063594311 -0.040849183 0.033305153 0.997875929 -0.055984616 -0.558267891 0.065522477 0.053715192 0.996404290 0.136767864
0.997164369 -0.038101591 -0.064896241 -0.041261986 0.033940468 0.997368753 -0.064057849 -0.563157737 0.067166209 0.061673604 0.995833814 0.139799401
0.997189224 -0.039358974 -0.063754760 -0.043887231 0.034939010 0.997003376 -0.069018014 -0.566084385 0.066280186 0.066596493 0.995576143 0.142805517
0.997269332 -0.037037715 -0.063891448 -0.042923220 0.032315552 0.996777236 -0.073422007 -0.573045790 0.066404931 0.071156837 0.995252311 0.145764321
0.997126639 -0.039744712 -0.064489976 -0.044452704 0.034681961 0.996364832 -0.077809431 -0.576834798 0.067348063 0.075349227 0.994880319 0.149207264
0.997221887 -0.037389636 -0.064424708 -0.043992139 0.031914335 0.995953202 -0.084015198 -0.583158314 0.067305304 0.081725724 0.994379640 0.152204573
0.997097969 -0.040159520 -0.064676441 -0.043798212 0.034080535 0.995129645 -0.092495799 -0.586731255 0.068076037 0.090023153 0.993610382 0.155179024
0.997330368 -0.037609380 -0.062590688 -0.043576606 0.031726565 0.995210528 -0.092463903 -0.592848897 0.065768421 0.090231262 0.993746877 0.156412646
0.997248590 -0.038667392 -0.063247077 -0.045147389 0.032367662 0.994683206 -0.097762711 -0.596536338 0.066691026 0.095446579 0.993198037 0.159911528
0.997212648 -0.039435223 -0.063338220 -0.044185523 0.032837845 0.994240105 -0.102019973 -0.601359844 0.066996589 0.099655718 0.992763877 0.162663534
0.997296751 -0.037810363 -0.063004166 -0.043955788 0.030983726 0.993882358 -0.106010012 -0.604438484 0.066627003 0.103771336 0.992367029 0.164761811
0.997148216 -0.039178584 -0.064501420 -0.044598315 0.032070458 0.993658781 -0.107767217 -0.608882546 0.068314560 0.105391279 0.992081583 0.167088613
0.997397959 -0.034903817 -0.063078590 -0.044248711 0.027779525 0.993489325 -0.110486358 -0.613032997 0.066524304 0.108446576 0.991873860 0.170082450
0.997304022 -0.037656713 -0.062981345 -0.045058277 0.030225730 0.992901325 -0.115036502 -0.616199255 0.066866152 0.112822704 0.991362631 0.172063574
0.997360349 -0.036098599 -0.063000575 -0.045019276 0.028507294 0.992665172 -0.117487311 -0.620458841 0.066779606 0.115381204 0.991074085 0.174692631
0.997533381 -0.034312986 -0.061234962 -0.045104265 0.026760450 0.992394626 -0.120153151 -0.623456717 0.064892069 0.118218116 0.990864992 0.177431047
0.997481823 -0.033904139 -0.062292717 -0.044832665 0.026183458 0.992328525 -0.120824881 -0.628347516 0.065911308 0.118889585 0.990717411 0.179811269
0.997462690 -0.033682432 -0.062719390 -0.044963785 0.025798885 0.992131472 -0.122513525 -0.633230269 0.066352457 0.120584570 0.990483105 0.181752831
0.997536242 -0.032322343 -0.062261909 -0.044978753 0.024269996 0.991733491 -0.125998944 -0.635890305 0.065819822 0.124177426 0.990074635 0.183921427
0.997534811 -0.032687403 -0.062093325 -0.044643447 0.024695877 0.991803050 -0.125367016 -0.641571641 0.065682270 0.123524517 0.990165412 0.185300022
0.997601449 -0.029544316 -0.062596560 -0.043367520 0.021421744 0.991713524 -0.126670361 -0.644894481 0.065820254 0.125025630 0.989967823 0.187831268
0.997576416 -0.030838167 -0.062372215 -0.044451226 0.022879234 0.991953969 -0.124514639 -0.648986638 0.065710172 0.122785829 0.990255475 0.189198285
0.997648537 -0.028038975 -0.062538870 -0.043906659 0.020194378 0.992236614 -0.122714043 -0.653324425 0.065494135 0.121162549 0.990469635 0.191440597
0.997660458 -0.025532342 -0.063416228 -0.043008495 0.017674165 0.992431819 -0.121519111 -0.655919135 0.066038951 0.120113991 0.990561247 0.192964494
0.997697830 -0.026324809 -0.062498003 -0.043676220 0.018623430 0.992507458 -0.120755985 -0.659007132 0.065208629 0.119314052 0.990712881 0.194980979
0.997825980 -0.023264360 -0.061659940 -0.043426849 0.015671613 0.992543697 -0.120878220 -0.663515151 0.064012341 0.119649127 0.990750492 0.197036147
0.997835994 -0.020230405 -0.062561505 -0.042885341 0.012525243 0.992550910 -0.121185750 -0.668230653 0.064547122 0.120139919 0.990656376 0.198813111
0.997910738 -0.018030996 -0.062038336 -0.042499825 0.010754509 0.993227899 -0.115683869 -0.670819283 0.063704111 0.114775002 0.991346836 0.200270236
0.997816622 -0.018779049 -0.063318737 -0.042758960 0.011442983 0.993381500 -0.114290819 -0.674258351 0.065045953 0.113316730 0.991427362 0.201577246
0.997943163 -0.018166065 -0.061476171 -0.041056134 0.011265288 0.993780077 -0.110790029 -0.678198695 0.063106410 0.109869614 0.991940677 0.202715188
0.997941494 -0.012925102 -0.062814213 -0.042223778 0.006059330 0.994101167 -0.108287498 -0.681829691 0.063843325 0.107683979 0.992133141 0.204843670
0.998000979 -0.012649283 -0.061918661 -0.041235574 0.006167703 0.994582176 -0.103771135 -0.684758663 0.062895827 0.103181787 0.992671967 0.205687165
0.998015523 -0.011448303 -0.061919596 -0.042489920 0.005046049 0.994711995 -0.102580175 -0.688186705 0.062766545 0.102064140 0.992795765 0.206963986
0.998014867 -0.009260507 -0.062294047 -0.041371286 0.003064805 0.995099843 -0.098828018 -0.691398978 0.062904000 0.098440915 0.993152797 0.207790613
0.998027861 -0.008280450 -0.062223513 -0.040683515 0.002280071 0.995389283 -0.095891185 -0.694857359 0.062730648 0.095560208 0.993445098 0.208371162
0.998091757 -0.007712988 -0.061264522 -0.038902923 0.001837859 0.995439112 -0.095380656 -0.697151721 0.061720788 0.095086053 0.993553817 0.210459769
0.998036087 -0.006119355 -0.062341925 -0.040520169 0.000562059 0.996051788 -0.088772282 -0.700160444 0.062639028 0.088562891 0.994099081 0.211140543
0.998097777 -0.004743006 -0.061468441 -0.039730165 -0.000530700 0.996338427 -0.085496254 -0.703247130 0.061648887 0.085366242 0.994440556 0.211431101
0.998061717 -0.002506243 -0.062180735 -0.038791008 -0.002555222 0.996695697 -0.081186220 -0.706596136 0.062178746 0.081187740 0.994757473 0.212412298
0.998121500 -0.002803784 -0.061199874 -0.039763011 -0.001879996 0.997079968 -0.076340847 -0.708931744 0.061235223 0.076312512 0.995201766 0.213612914
0.998079181 -0.002112701 -0.061914247 -0.038585596 -0.002404548 0.997344136 -0.072794318 -0.711249411 0.061903607 0.072803386 0.995423317 0.214496911
0.998072267 -0.000744973 -0.062057357 -0.037301064 -0.003516969 0.997642279 -0.068539768 -0.714592636 0.061962105 0.068625890 0.995716512 0.214265004
0.998088658 -0.001725552 -0.061773423 -0.037775107 -0.002500639 0.997663558 -0.068271674 -0.717478156 0.061746921 0.068295658 0.995752513 0.215575740
0.998106360 0.000569405 -0.061506599 -0.038364716 -0.004441472 0.998014092 -0.062835157 -0.719709098 0.061348677 0.062989362 0.996126771 0.215840250
0.998146832 -0.000310534 -0.060849901 -0.038713530 -0.003132615 0.998398840 -0.056480706 -0.722855628 0.060770020 0.056566667 0.996547580 0.216392055
0.998104513 0.000587948 -0.061537109 -0.037731290 -0.004008377 0.998452127 -0.055474438 -0.724730432 0.061409246 0.055615939 0.996562004 0.216799125
0.998071849 0.001835641 -0.062041651 -0.036443245 -0.005089463 0.998616993 -0.052328341 -0.729105592 0.061859787 0.052543212 0.996700883 0.217692494
0.998062849 0.001033193 -0.062204100 -0.037908606 -0.004170219 0.998724341 -0.050322432 -0.731715798 0.062072754 0.050484341 0.996794105 0.218812466
0.998072624 0.001208262 -0.062043399 -0.037502766 -0.004127356 0.998889029 -0.046942562 -0.735927641 0.061917767 0.047108170 0.996968925 0.218337700
0.998045027 0.000677738 -0.062493205 -0.036796808 -0.003530492 0.998955905 -0.045549817 -0.739579797 0.062397081 0.045681391 0.997005403 0.219406918
0.998032093 0.001244889 -0.062692463 -0.036625959 -0.003911945 0.999091566 -0.042437047 -0.742297113 0.062582694 0.042598784 0.997130275 0.219651580
0.998067796 0.002052668 -0.062098954 -0.036215123 -0.004421166 0.999266922 -0.038027264 -0.745632887 0.061975386 0.038228348 0.997345328 0.219169408
0.998022556 0.000399459 -0.062854677 -0.036027461 -0.002666042 0.999348938 -0.035980895 -0.748830438 0.062799402 0.036077306 0.997373879 0.219690353
0.997988403 0.002975024 -0.063326254 -0.036219314 -0.005093434 0.999431908 -0.033317134 -0.750561535 0.063191168 0.033572651 0.997436643 0.220036909
0.998002708 0.001241724 -0.063158214 -0.036588207 -0.002945897 0.999633849 -0.026896574 -0.755464077 0.063101716 0.027028911 0.997640967 0.221664369
0.998011768 -0.000049666 -0.063027762 -0.038022730 -0.001322565 0.999763072 -0.021729790 -0.758711159 0.063013919 0.021769948 0.997775257 0.221105561
0.997976422 0.001998883 -0.063553758 -0.035429634 -0.003140422 0.999835491 -0.017866798 -0.762659729 0.063507602 0.018030234 0.997818410 0.221285179
0.997978330 0.003283805 -0.063470148 -0.037950933 -0.003962331 0.999936342 -0.010567456 -0.765174210 0.063431412 0.010797605 0.997927785 0.222223312
0.997989416 0.002625101 -0.063326880 -0.035553049 -0.002853139 0.999989808 -0.003510676 -0.770357430 0.063317031 0.003684305 0.997986674 0.222616971
0.998007655 0.005693109 -0.062834598 -0.036393400 -0.005470040 0.999978125 0.003721721 -0.773614407 0.062854424 -0.003370605 0.998017013 0.222647578
0.997956395 0.007224576 -0.063487455 -0.035239778 -0.006623771 0.999931276 0.009668872 -0.777645707 0.063552968 -0.009228580 0.997935772 0.222716272
0.998003721 0.006560815 -0.062813632 -0.035864092 -0.005624628 0.999870658 0.015069544 -0.780319989 0.062904388 -0.014686167 0.997911513 0.223050907
0.997950256 0.009898901 -0.063223749 -0.033925354 -0.008514771 0.999718964 0.022124715 -0.785297453 0.063425004 -0.021541052 0.997754097 0.223353326
0.997950017 0.008487900 -0.063432269 -0.035632454 -0.006824045 0.999628186 0.026401363 -0.788683951 0.063632786 -0.025914371 0.997636795 0.223401442
0.997985065 0.009378819 -0.062750638 -0.034208231 -0.007248581 0.999392509 0.034089752 -0.792073190 0.063032240 -0.033566222 0.997446835 0.223736018
0.997980535 0.011600387 -0.062451404 -0.035988223 -0.009213869 0.999221206 0.038367368 -0.795081854 0.062847853 -0.037714466 0.997310221 0.224947110
0.997970223 0.012886261 -0.062365759 -0.035575971 -0.010290341 0.999074340 0.041767910 -0.799217641 0.062846281 -0.041041359 0.997178972 0.225253463
0.997930110 0.016599257 -0.062128209 -0.034420535 -0.013437957 0.998610377 0.050960049 -0.805174708 0.062887773 -0.050019696 0.996766388 0.225040451
0.997949660 0.016912781 -0.061727565 -0.035328370 -0.013632106 0.998491526 0.053187221 -0.807527542 0.062533997 -0.052236699 0.996674895 0.225597054
0.997939944 0.016792446 -0.061918076 -0.034488626 -0.013163096 0.998196840 0.058564395 -0.810826957 0.062789887 -0.057628736 0.996361494 0.226464525
0.997895777 0.019364411 -0.061879061 -0.035464883 -0.015459819 0.997895837 0.062967703 -0.814638853 0.062968202 -0.061878577 0.996095419 0.227186501
0.997871161 0.022056269 -0.061372787 -0.035792701 -0.017796127 0.997449994 0.069115214 -0.817434251 0.062740721 -0.067875899 0.995719075 0.227837071
0.997837901 0.023103060 -0.061528247 -0.033966392 -0.018565414 0.997135282 0.073325932 -0.823760867 0.063046053 -0.072025098 0.995408237 0.228603229
0.997738063 0.024393506 -0.062637888 -0.032583140 -0.019580064 0.996889472 0.076341420 -0.828257024 0.064305298 -0.074942313 0.995112360 0.228786856
0.997758210 0.027325774 -0.061088111 -0.033819392 -0.022172222 0.996260822 0.083503798 -0.833117425 0.063141495 -0.081962161 0.994633317 0.230520010
0.997794092 0.027871301 -0.060250495 -0.032799270 -0.022570437 0.995958209 0.086937211 -0.837150276 0.062430024 -0.085385531 0.994390130 0.228932470
0.997699261 0.030324923 -0.060635079 -0.032336019 -0.024762314 0.995591044 0.090473779 -0.841277957 0.063111350 -0.088764161 0.994051278 0.231156647
0.997738421 0.031474452 -0.059392050 -0.033667643 -0.025838930 0.995295405 0.093377613 -0.844105959 0.062051654 -0.091631822 0.993857741 0.232790068
0.997667849 0.032615915 -0.059958618 -0.031838354 -0.026567215 0.994728088 0.099046923 -0.850970030 0.062873036 -0.097223014 0.993274689 0.233261541
0.997611761 0.035842277 -0.059043396 -0.033272110 -0.029728377 0.994406044 0.101355918 -0.854191542 0.062345952 -0.099358581 0.993096590 0.233994603
0.997572005 0.037027419 -0.058981381 -0.031974588 -0.030605951 0.993864954 0.106281504 -0.859209836 0.062554859 -0.104218274 0.992585242 0.235717326
0.997568071 0.038600929 -0.058033586 -0.033795688 -0.032266952 0.993802607 0.106373280 -0.862372041 0.061780047 -0.104242042 0.992631316 0.237022117
0.997645617 0.037857592 -0.057182632 -0.032204635 -0.031557642 0.993723929 0.107316814 -0.867966354 0.060886510 -0.105259582 0.992579103 0.238532364
0.997451544 0.042040050 -0.057645567 -0.031085813 -0.035507534 0.993296802 0.110003412 -0.871766984 0.061883714 -0.107676238 0.992258191 0.239932895
0.997487783 0.042944696 -0.056335714 -0.030258864 -0.036418941 0.993024468 0.112143539 -0.876325309 0.060758714 -0.109810099 0.992093801 0.240454033
0.997353852 0.045410387 -0.056770746 -0.030171854 -0.038633950 0.992586613 0.115235880 -0.881144762 0.061582785 -0.112737685 0.991714597 0.242354870
0.997405529 0.045814089 -0.055527978 -0.031182591 -0.039232034 0.992668927 0.114320666 -0.884494841 0.060358405 -0.111845575 0.991890848 0.243228212
0.997428358 0.046299789 -0.054709509 -0.032188382 -0.039588012 0.992228448 0.117964529 -0.888139844 0.059746072 -0.115495279 0.991509616 0.245073020
0.997373819 0.048245233 -0.054016560 -0.029968120 -0.041572474 0.992085397 0.118483759 -0.895638824 0.059305329 -0.115927011 0.991485596 0.246369198
0.997330725 0.049933914 -0.053271931 -0.031177942 -0.043364350 0.992060125 0.118051805 -0.898477793 0.058743753 -0.115426607 0.991577506 0.249669805
0.997335017 0.051165748 -0.052007105 -0.030820534 -0.044622596 0.991770327 0.120002687 -0.903846860 0.057719130 -0.117362201 0.991410494 0.250752151
0.997191608 0.054052435 -0.051837366 -0.029457707 -0.047416944 0.991439879 0.121649116 -0.909128368 0.057969071 -0.118849523 0.991218686 0.253518522
0.997170746 0.055008911 -0.051229164 -0.029995661 -0.048535295 0.991585493 0.120011024 -0.915408909 0.057399772 -0.117185064 0.991449952 0.255569071
0.997082710 0.057673961 -0.049996704 -0.028581453 -0.051271908 0.991323471 0.121032745 -0.919119179 0.056543346 -0.118116222 0.991388679 0.257515788
0.997069716 0.058185540 -0.049662672 -0.030240141 -0.051748153 0.991143405 0.122299388 -0.923092127 0.056338899 -0.119371071 0.991249979 0.259696811
0.997038007 0.060125593 -0.047957387 -0.030554267 -0.054015461 0.991320074 0.119861506 -0.929133356 0.054747872 -0.116916060 0.991631627 0.261369884
